1e-05 73.65 
1.1e-05 76.9872 
1.2e-05 80.2406 
1.3e-05 83.37910000000001 
1.4e-05 86.402 
1.5e-05 89.2784 
1.6e-05 92.0179 
1.7e-05 94.6101 
1.8e-05 97.05460000000001 
2e-05 101.5394 
2.25e-05 106.2916 
2.5e-05 110.3513 
2.75e-05 113.7167 
3e-05 116.4867 
3.25e-05 118.7604 
3.5e-05 120.6372 
3.75e-05 122.01639999999999 
4e-05 123.1977 
4.5e-05 124.5655 
5e-05 125.2386 
5.5e-05 125.2158 
6e-05 124.7961 
6.5e-05 124.079 
7e-05 123.164 
8e-05 120.7387 
9e-05 118.0182 
0.0001 115.3013 
0.00011 112.487 
0.00012 109.6748 
0.00013 106.96419999999999 
0.00014 104.4549 
0.00015 101.94669999999999 
0.00016 99.6195 
0.00017 97.39290000000001 
0.00018 95.277 
0.0002 91.3467 
0.000225 86.9362 
0.00025 83.02755 
0.000275 79.54029 
0.0003 76.39412 
0.000325 73.55879 
0.00035 70.98415 
0.000375 68.63006 
0.0004 66.46643 
0.00045 62.63027 
0.0005 59.33522 
0.00055 56.451 
0.0006 53.917429999999996 
0.00065 51.65435 
0.0007 49.63167000000001 
0.0008 46.14724 
0.0009 43.23371 
0.001 40.760819999999995 
0.0011 38.61842 
0.0012 36.47639 
0.0013 34.66465 
0.0014 33.05313 
0.0015 31.6118 
0.0016 30.300620000000002 
0.0017 29.10958 
0.0018 28.028640000000003 
0.002 26.10702 
0.00225 24.08537 
0.0025 22.394019999999998 
0.00275 20.952910000000003 
0.003 19.71197 
0.00325 18.62116 
0.0035 17.660459999999997 
0.00375 16.809849 
0.004 16.039308000000002 
0.0045 14.718394 
0.005 13.627652 
0.0055 12.697035999999999 
0.006 11.896516 
0.0065 11.206071999999999 
0.007 10.595687 
0.008 9.581053 
0.009 8.758552 
0.01 8.079144999999999 
0.011 7.507808 
0.012 7.020524 
0.013 6.598281 
0.014 6.228071 
0.015 5.902887000000001 
0.016 5.612726 
0.017 5.352582 
0.018 5.118453 
0.02 4.7132320000000005 
0.0225 4.296008 
0.025 3.9548259999999997 
0.0275 3.6686759999999996 
0.03 3.4265499999999998 
0.0325 3.217442 
0.035 3.0353489999999996 
0.0375 2.876267 
0.04 2.734195 
0.045 2.494074 
0.05 2.2979767 
0.055 2.1338958 
0.06 1.9958278 
0.065 1.8777698 
0.07 1.7747196 
0.08 1.6046373 
0.09 1.4695725000000002 
0.1 1.3595201 
0.11 1.2694767999999998 
0.12 1.1924404 
0.13 1.1264093 
0.14 1.0703825 
0.15 1.0203591 
0.16 0.9771385 
0.17 0.9384202 
0.18 0.9038039 
0.2 0.8445759 
0.225 0.7847476 
0.25 0.7366248000000001 
0.275 0.6971059 
0.3 0.6639900999999999 
0.325 0.6359766 
0.35 0.611965 
0.375 0.5911548 
0.4 0.5729459 
0.45 0.5428309 
0.5 0.5189187000000001 
0.55 0.4996087 
0.6 0.4838003 
0.65 0.47059318 
0.7 0.45938701 
0.8 0.44197689 
0.9 0.42896895 
1.0 0.41916253 
1.1 0.41155725 
1.2 0.40565281000000003 
1.3 0.40104903000000003 
1.4 0.39744577 
1.5 0.39464292 
1.6 0.39234042999999996 
1.7 0.39063821 
1.8 0.38933623 
2.0 0.38753285 
2.25 0.38652944 
2.5 0.38642669 
2.75 0.38702442000000004 
3.0 0.38792252000000005 
3.25 0.3891209 
3.5 0.39041950000000003 
3.75 0.39191829 
4.0 0.39341722 
4.5 0.39661542 
5.0 0.39971398 
5.5 0.40281279 
6.0 0.40591179 
6.5 0.40881094 
7.0 0.4115102 
8.0 0.416709004 
9.0 0.421408063 
10.0 0.42570730500000004 
