10.00E-03 6.519E+01 1.040E+00 1489E-04 562E-04 534E-04 
11.00E-03 6.825E+01 9.814E-01 1611E-04 582E-04 560E-04 
12.00E-03 7.120E+01 9.300E-01 1730E-04 600E-04 583E-04 
13.00E-03 7.403E+01 8.844E-01 1846E-04 616E-04 606E-04 
14.00E-03 7.674E+01 8.436E-01 1958E-04 631E-04 626E-04 
15.00E-03 7.932E+01 8.070E-01 2068E-04 645E-04 646E-04 
16.00E-03 8.179E+01 7.738E-01 2176E-04 658E-04 665E-04 
17.00E-03 8.413E+01 7.436E-01 2281E-04 670E-04 682E-04 
18.00E-03 8.635E+01 7.160E-01 2384E-04 681E-04 699E-04 
20.00E-03 9.047E+01 6.672E-01 2585E-04 702E-04 730E-04 
22.50E-03 9.503E+01 6.158E-01 2828E-04 725E-04 765E-04 
25.00E-03 9.901E+01 5.727E-01 3062E-04 745E-04 797E-04 
27.50E-03 1.025E+02 5.359E-01 3289E-04 763E-04 826E-04 
30.00E-03 1.055E+02 5.040E-01 3512E-04 780E-04 854E-04 
32.50E-03 1.081E+02 4.761E-01 3729E-04 795E-04 879E-04 
35.00E-03 1.103E+02 4.515E-01 3943E-04 809E-04 903E-04 
37.50E-03 1.123E+02 4.296E-01 4154E-04 821E-04 926E-04 
40.00E-03 1.140E+02 4.099E-01 4362E-04 833E-04 948E-04 
45.00E-03 1.166E+02 3.760E-01 4773E-04 856E-04 989E-04 
50.00E-03 1.185E+02 3.478E-01 5179E-04 877E-04 1027E-04 
55.00E-03 1.198E+02 3.240E-01 5580E-04 897E-04 1062E-04 
60.00E-03 1.207E+02 3.035E-01 5980E-04 914E-04 1096E-04 
65.00E-03 1.211E+02 2.856E-01 6378E-04 931E-04 1129E-04 
70.00E-03 1.212E+02 2.700E-01 6777E-04 947E-04 1160E-04 
80.00E-03 1.207E+02 2.438E-01 7578E-04 981E-04 1220E-04 
90.00E-03 1.195E+02 2.226E-01 8388E-04 1012E-04 1278E-04 
100.00E-03 1.179E+02 2.051E-01 9210E-04 1042E-04 1334E-04 
110.00E-03 1.160E+02 1.903E-01 1.00 1072E-04 1389E-04 
120.00E-03 1.139E+02 1.777E-01 1.09 1100E-04 1443E-04 
130.00E-03 1.116E+02 1.668E-01 1.18 1128E-04 1497E-04 
140.00E-03 1.094E+02 1.573E-01 1.27 1157E-04 1551E-04 
150.00E-03 1.071E+02 1.489E-01 1.36 1185E-04 1605E-04 
160.00E-03 1.049E+02 1.414E-01 1.45 1213E-04 1659E-04 
170.00E-03 1.027E+02 1.347E-01 1.54 1241E-04 1714E-04 
180.00E-03 1.005E+02 1.286E-01 1.64 1270E-04 1769E-04 
200.00E-03 9.647E+01 1.182E-01 1.84 1342E-04 1881E-04 
225.00E-03 9.179E+01 1.074E-01 2.10 1443E-04 2025E-04 
250.00E-03 8.757E+01 9.856E-02 2.38 1546E-04 2174E-04 
275.00E-03 8.376E+01 9.116E-02 2.67 1652E-04 2328E-04 
300.00E-03 8.032E+01 8.488E-02 2.97 1759E-04 2488E-04 
325.00E-03 7.721E+01 7.946E-02 3.28 1868E-04 2653E-04 
350.00E-03 7.438E+01 7.474E-02 3.61 1980E-04 2823E-04 
375.00E-03 7.180E+01 7.058E-02 3.95 2094E-04 2998E-04 
400.00E-03 6.943E+01 6.690E-02 4.30 2210E-04 3179E-04 
450.00E-03 6.525E+01 6.065E-02 5.04 2554E-04 3555E-04 
500.00E-03 6.167E+01 5.553E-02 5.82 2895E-04 3951E-04 
550.00E-03 5.855E+01 5.127E-02 6.64 3235E-04 4366E-04 
600.00E-03 5.582E+01 4.765E-02 7.51 3577E-04 4799E-04 
650.00E-03 5.340E+01 4.454E-02 8.42 3921E-04 5248E-04 
700.00E-03 5.123E+01 4.183E-02 9.37 4267E-04 5714E-04 
800.00E-03 4.753E+01 3.735E-02 11.38 5354E-04 6693E-04 
900.00E-03 4.448E+01 3.379E-02 13.54 6392E-04 7730E-04 
1.00 4.191E+01 3.089E-02 15.85 7405E-04 8821E-04 
1.10 3.988E+01 2.847E-02 18.28 8403E-04 9960E-04 
1.20 3.787E+01 2.642E-02 20.83 9395E-04 1.11 
1.30 3.602E+01 2.467E-02 23.53 1.04 1.24 
1.40 3.438E+01 2.314E-02 26.35 1.14 1.37 
1.50 3.289E+01 2.181E-02 29.31 1.24 1.50 
1.60 3.154E+01 2.062E-02 32.40 1.35 1.64 
1.70 3.030E+01 1.957E-02 35.62 1.45 1.78 
1.80 2.916E+01 1.863E-02 38.96 1.56 1.93 
2.00 2.714E+01 1.700E-02 46.04 1.91 2.24 
2.25 2.501E+01 1.535E-02 55.59 2.41 2.65 
2.50 2.322E+01 1.400E-02 65.92 2.89 3.09 
2.75 2.170E+01 1.288E-02 77.01 3.36 3.56 
3.00 2.038E+01 1.194E-02 88.84 3.84 4.06 
3.25 1.923E+01 1.113E-02 101.42 4.31 4.59 
3.50 1.822E+01 1.043E-02 114.72 4.79 5.14 
3.75 1.732E+01 9.817E-03 128.73 5.28 5.72 
4.00 1.652E+01 9.276E-03 143.45 5.78 6.33 
4.50 1.514E+01 8.362E-03 174.95 7.48 7.61 
5.00 1.399E+01 7.620E-03 209.18 9.10 9.00 
5.50 1.302E+01 7.005E-03 246.08 10.69 10.49 
6.00 1.219E+01 6.486E-03 285.62 12.28 12.07 
6.50 1.147E+01 6.042E-03 327.74 13.87 13.75 
7.00 1.084E+01 5.658E-03 372.41 15.49 15.52 
8.00 9.784E+00 5.025E-03 469.17 21.11 19.33 
9.00 8.933E+00 4.525E-03 575.77 26.40 23.50 
10.00 8.231E+00 4.120E-03 691.99 31.60 28.01 
11.00 7.642E+00 3.784E-03 817.66 36.80 32.86 
12.00 7.139E+00 3.501E-03 952.60 42.04 38.04 
13.00 6.704E+00 3.259E-03 1.10E03 47.35 43.54 
14.00 6.324E+00 3.050E-03 1.25E03 52.75 49.36 
15.00 5.990E+00 2.867E-03 1.41E03 58.24 55.49 
16.00 5.692E+00 2.706E-03 1.58E03 63.82 61.93 
17.00 5.426E+00 2.562E-03 1.76E03 69.51 68.68 
18.00 5.186E+00 2.434E-03 1.95E03 75.30 75.72 
20.00 4.770E+00 2.214E-03 2.35E03 95.91 90.70 
22.50 4.345E+00 1.992E-03 2.90E03 125.29 111.03 
25.00 3.996E+00 1.811E-03 3.50E03 153.34 133.12 
27.50 3.705E+00 1.662E-03 4.14E03 180.94 156.91 
30.00 3.458E+00 1.536E-03 4.84E03 208.52 182.35 
32.50 3.245E+00 1.429E-03 5.58E03 236.27 209.42 
35.00 3.060E+00 1.337E-03 6.38E03 264.32 238.06 
37.50 2.898E+00 1.256E-03 7.21E03 292.74 268.26 
40.00 2.754E+00 1.184E-03 8.09E03 321.56 299.97 
45.00 2.511E+00 1.064E-03 9.99E03 424.84 367.85 
50.00 2.312E+00 9.673E-04 12.06E03 522.40 441.46 
55.00 2.146E+00 8.871E-04 14.30E03 617.79 520.60 
60.00 2.007E+00 8.196E-04 16.70E03 712.57 605.07 
65.00 1.887E+00 7.620E-04 19.27E03 807.52 694.70 
70.00 1.782E+00 7.123E-04 21.99E03 903.08 789.32 
80.00 1.611E+00 6.307E-04 27.87E03 1.24E03 992.96 
90.00 1.475E+00 5.664E-04 34.34E03 1.56E03 1.21E03 
100.00 1.364E+00 5.145E-04 41.38E03 1.87E03 1.45E03 
None